1 0.269533 0.585441 0.315346 0.374742
2 0.737493 0.792299 0.124789 0.326775
2 0.606802 0.661889 0.150084 0.431703
2 0.504778 0.561458 0.097808 0.392730
2 0.366498 0.375586 0.111298 0.344763
2 0.259415 0.272157 0.096121 0.281806
2 0.172569 0.197208 0.101180 0.293798
1 0.090781 0.278153 0.119730 0.317782
0 0.857223 0.574948 0.283305 0.695522
1 0.821810 0.206202 0.212479 0.329773
0 0.593311 0.365093 0.295110 0.443695
0 0.466835 0.225689 0.227656 0.314784
1 0.231591 0.140247 0.198988 0.221847
1 0.651490 0.135750 0.158516 0.188870