0 0.353007 0.457411 0.215852 0.327804
1 0.339517 0.765857 0.158516 0.196166
1 0.553682 0.760694 0.151771 0.221977
1 0.492974 0.565819 0.107926 0.131638
0 0.716414 0.398045 0.086003 0.131638
0 0.607645 0.376106 0.087690 0.149706
0 0.556211 0.311577 0.116358 0.185842
0 0.648960 0.297381 0.079258 0.136800
1 0.065486 0.281894 0.069140 0.090340
1 0.432265 0.263826 0.074199 0.085177
1 0.735807 0.278023 0.047218 0.067109
1 0.707982 0.236724 0.048904 0.072272
1 0.668353 0.227690 0.040472 0.064528
1 0.786397 0.222528 0.033727 0.038717
1 0.769533 0.205751 0.020236 0.056785
1 0.833614 0.222528 0.033727 0.054204
1 0.863125 0.170905 0.028668 0.023230
1 0.830242 0.185102 0.026981 0.051623
1 0.802417 0.177358 0.028668 0.041298
1 0.973581 0.248339 0.037099 0.059366
1 0.965149 0.196717 0.026981 0.038717
1 0.903597 0.148966 0.021922 0.030974
0 0.990163 0.167034 0.019674 0.061947